338615
363333
660957
499832
377533
411258
334674
402548
345477
386295
387296
562942
340285
306042
406266
415582
489800
554413
517046
478652
678217
348357
407324
513905
314342
250828
243341
435323
515562
313738
468929
471672
401989
360649
332965
286278
260663
226492
189857
144101
162918
392864
362565
349524
362196
438675
498098
533637
501547
457004
352977
342600
373889
354318
322519
387776
393904
377802
383111
478672
516896
453198
198927
359691
485780
404639
353745
451345
491247
434600
499731
434491
291179
291795
410664
486533
488993
381284
325209
211353
231992
267977
310715
349923
432399
609656
470323
443372
465131
486419
505876
538769
450036
469464
599932
647276
486165
406035
358388
356692
384463
445407
314586
267555
333299
342552
306311
438965
524239
554083
518427
502408
443560
332651
387339
552947
213219
403399
321295
449379
654584
443161
495336
414306
407806
389405
387303
429359
459351
442080
499741
464851
490977
751400
527706
502407
570043
804514
717945
480882
456774
522149
556254
628956
709495
511048
627165
417264
588229
586754
597317
888285
767135
533305
570272
489242
412284
489691
608751
681060
675729
491678
416633
479423
583012
526123
653501
507627
389417
358830
