1860859
1982043
2895286
1999902
1622567
1968233
1687068
2007787
1731295
2163768
1970375
2854711
1786635
1598410
2271433
2447188
2781973
2809730
2320646
2155559
3576654
1549230
1894199
2259205
1374669
1190393
1139701
2030440
2448656
1742953
2252517
2211088
1907621
1653944
1489407
1397030
1306724
1226168
968466
818499
916459
2091261
1959182
1736160
1725129
2239944
2669610
2967978
2859496
1998914
1751899
1740039
1796071
1433450
1497366
2005579
1953299
1668180
1903145
2461501
2483494
2272958
951628
1811646
2416429
2017759
1689801
1939934
1946047
1957539
2272477
2079457
1463379
1389836
1908692
2141012
2033503
1634091
1369417
1090125
1106309
1336803
1473837
1921454
2443562
3564863
2538310
2397986
2435589
2710266
2777291
2712475
2241762
2573907
3145012
3420360
2359942
1800100
1578895
1689215
1977669
2266036
1502166
1359789
1478152
1651309
1461935
2187452
2492821
2486185
2739449
2669185
2167926
1641532
2045802
2689623
1190941
2036548
1573393
2161850
3220432
2010196
2127690
2083328
2001382
1959234
1936761
2061249
2182465
2326578
2401487
2475986
2302420
3684786
2724613
2422756
2764511
3792479
3393182
2213801
2096093
2179284
2485089
3075211
3426711
2418061
2723417
1818091
2711143
2514441
2633500
4141960
3462356
2465264
2652535
2226441
1677548
2081316
2780920
3508020
3150685
2217622
1837230
2217370
2501862
2180478
2676480
2128440
1560958
1690205
