583479
639987
1086959
793604
602719
675450
559801
672766
576757
680320
652183
940933
574439
522348
710213
741683
863030
945825
848365
777121
1160549
564589
672957
849969
506907
409623
400054
709529
854120
546816
796255
788899
668931
587981
540058
472025
435353
391072
332197
255222
289784
663216
618835
580451
597171
747200
855127
926821
890594
756748
592385
590631
630135
574728
532915
654394
660737
626420
645700
806151
857058
772441
320892
620210
788732
685676
582044
722802
728385
727493
790112
704057
464347
465162
688460
776733
748459
607568
551050
349704
367642
446069
535813
587203
722765
1070374
833436
754997
798723
817718
910331
896919
749948
823883
1048162
1124221
804224
693234
584253
591796
650015
756621
520519
444695
539507
563377
510412
734578
874728
902857
905556
871635
745969
556321
658309
943673
363757
691230
549841
761577
1117444
719399
764908
695334
678472
670635
627273
709446
749394
781405
807510
795451
835106
1263138
881950
850193
959538
1321218
1208484
796655
751775
827364
950685
1067229
1186840
868366
1034791
689973
965586
960426
966623
1468418
1262774
893656
944032
812157
656534
783806
1003612
1173912
1148819
818066
677864
811471
932678
845561
1054649
816705
589895
596040
