1120056
1197830
1723362
1212564
979569
1154742
991334
1228643
1024099
1261574
1172989
1672926
1036834
941955
1291925
1391380
1609852
1621434
1358090
1310094
2036319
910448
1121108
1308701
822836
713469
683431
1219703
1476581
1015331
1370133
1356858
1155528
1010542
915686
835353
780352
732791
585599
494206
556269
1274959
1162074
1046128
1060809
1359586
1573009
1732495
1657686
1289474
1021208
1046992
1091507
982299
915147
1172917
1181873
1109471
1145742
1443078
1521452
1330984
588426
1124389
1449369
1210864
1038757
1214575
1205327
1199912
1391804
1237209
860281
850521
1217708
1292194
1245327
1013294
911124
640348
677351
812895
894778
1150980
1420971
2080212
1483794
1406561
1417176
1533585
1576811
1568738
1325638
1492599
1814401
1956922
1362307
1060178
992828
1007645
1180314
1321818
883933
804214
930921
990223
894713
1300794
1497944
1515449
1654811
1526027
1274827
971121
1254347
1593501
677541
1232559
954710
1304614
1905506
1207072
1278626
1222956
1187782
1167915
1139261
1231495
1305311
1374530
1420886
1438158
1358037
2177335
1569890
1449065
1638408
2296336
2025532
1290631
1229220
1339732
1461216
1779443
2053029
1444635
1639531
1122971
1614674
1454923
1554664
2444877
2050538
1425564
1535870
1287049
1019154
1251290
1618398
1995102
1833649
1389647
1116987
1349594
1508508
1318793
1612933
1288161
951718
990875
