time_stamp      download_bw     pred_download_bw bit_rate_sel    buffer_size     rebuf_time      chunk_size      delay_time      reward          pred_bw         num_of_users   
1923.988        98.558          98.558          1481            2.0             1.924           23703050        1923.988        0.749           100.786         0              
2929.176        101.42          104.282         789             2.995           0.0             12743290        1005.188        3.998           100.786         0              
4847.147        102.346         104.563         789             3.077           0.0             24537170        1917.971        4.362           98.857          0              
5834.948        156.548         158.442         789             4.089           0.0             19329800        987.801         4.362           98.857          0              
7084.882        169.144         184.493         1481            4.839           0.0             26427310        1249.933        4.362           645.682         0              
9412.4          98.948          147.093         1481            4.512           0.0             28788060        2327.519        4.726           64.457          0              
11420.158       93.347          123.79          1481            4.504           0.0             23427180        2007.758        4.726           229.053         0              
13313.762       119.046         123.069         1481            4.61            0.0             28178360        1893.604        4.726           156.745         0              
15250.861       99.875          114.016         1481            4.673           0.0             24183390        1937.099        4.726           182.579         0              
16055.906       143.785         125.633         789             5.868           0.0             14469210        805.044         3.998           182.579         0              
17150.199       198.197         153.352         1481            6.774           0.0             27110720        1094.294        4.362           182.579         0              
18400.639       252.109         266.068         1481            7.523           0.0             39405940        1250.439        4.726           1130.036        0              
19522.416       169.873         192.88          1481            8.402           0.0             23819950        1121.777        4.726           999.738         0              
21121.633       182.911         197.755         2472            8.802           0.0             36564360        1599.217        4.726           1018.335        0              
23216.59        189.846         203.096         2472            8.707           0.0             49714910        2094.957        5.089           160.17          0              
25811.155       160.082         175.583         2472            8.113           0.0             51917810        2594.565        5.089           84.639          0              
27911.609       230.092         213.079         2472            8.012           0.0             60412100        2100.455        5.089           451.111         0              
29926.687       262.849         231.042         2472            7.997           0.0             66207750        2015.078        5.089           691.333         0              
31587.483       174.342         226.882         1481            8.337           0.0             36193220        1660.796        4.362           107.456         0              
32490.468       163.122         221.022         789             9.434           0.0             18412100        902.985         3.998           107.456         0              
33629.442       166.233         216.545         789             10.295          0.0             23666930        1138.974        4.362           597.068         0              
34584.189       115.953         133.592         789             11.34           0.0             13838230        954.747         4.362           395.169         0              
36231.264       138.489         138.845         1481            11.693          0.0             28512680        1647.075        4.362           192.028         0              
37387.525       248.894         208.392         1481            12.536          0.0             35973350        1156.261        4.726           192.028         0              
38170.963       128.254         198.867         789             13.753          0.0             12559890        783.438         3.998           192.028         0              
38932.936       104.503         151.401         789             14.991          0.0             9953580         761.973         4.362           192.028         0              
39942.109       135.032         144.858         1481            15.982          0.0             17033870        1009.173        4.362           658.337         0              
41069.814       216.174         174.098         1481            16.854          0.0             30472610        1127.705        4.726           658.337         0              
42352.956       225.006         190.487         1481            17.571          0.0             36089340        1283.141        4.726           1062.922        0              
43892.052       198.959         199.237         2472            18.032          0.0             38277120        1539.096        4.726           672.625         0              
46135.285       495.327         368.688         7270            17.789          0.0             138891760       2243.234        5.089           375.162         0              
50255.716       264.945         248.206         7270            15.668          0.0             136460940       4120.43         7.27            404.583         0              
52312.901       495.671         478.762         7270            15.611          0.0             127460900       2057.185        7.27            544.303         0              
54579.242       417.427         420.891         7270            15.345          0.0             118254010       2266.341        7.27            212.759         0              
56840.975       367.213         404.582         7270            15.083          0.0             103817140       2261.733        7.27            7.451           0              
58530.091       479.151         445.75          7270            15.394          0.0             101167710       1689.116        7.27            527.974         0              
60006.817       514.292         489.722         7270            15.917          0.0             94933510        1476.726        7.27            125.727         0              
62499.433       288.268         414.16          7270            15.425          0.0             89817630        2492.617        7.27            433.17          0              
64753.352       266.01          354.878         7270            15.171          0.0             74945710        2253.919        7.27            249.338         0              
66460.324       290.129         324.087         7270            15.464          0.0             61905200        1706.972        7.27            1317.151        0              
67682.554       467.834         397.181         7270            16.241          0.0             71475040        1222.23         7.27            828.042         0              
72815.056       289.972         360.57          7270            13.109          0.0             186035080       5132.502        7.27            139.326         0              
75714.614       400.67          384.04          7270            12.209          0.0             145220600       2899.559        7.27            905.278         0              
78954.427       315.623         362.247         7270            10.97           0.0             127820000       3239.813        7.27            508.331         0              
82491.971       287.295         337.221         7270            9.432           0.0             127039710       3537.544        7.27            458.015         0              
86649.408       297.106         324.615         7270            7.275           0.0             154399770       4157.436        7.27            68.885          0              
87968.344       211.485         277.309         1481            7.956           0.0             34866860        1318.937        2.181           1086.174        0              
90626.989       195.22          239.579         2472            7.297           0.0             64877470        2658.644        4.726           104.728         0              
92132.603       186.546         214.285         1481            7.791           0.0             35108290        1505.614        4.362           326.852         0              
93514.171       185.24          203.13          1481            8.41            0.0             31990280        1381.568        4.726           415.932         0              
94907.486       141.868         173.607         1481            9.017           0.0             24708390        1393.315        4.726           705.511         0              
95869.812       103.488         138.13          789             10.054          0.0             12448660        962.326         3.998           434.418         0              
97755.424       187.141         164.657         2472            10.169          0.0             44109450        1885.612        4.362           490.305         0              
98884.611       175.718         171.217         1481            11.039          0.0             24802260        1129.187        4.362           490.305         0              
99986.624       163.892         168.598         1481            11.937          0.0             22576330        1102.012        4.726           980.653         0              
101123.332      191.038         181.553         1481            12.801          0.0             27144320        1136.709        4.726           980.653         0              
102983.235      571.377         383.758         7270            12.941          0.0             132838090       1859.902        4.725           551.298         0              
105743.439      314.077         346.582         7270            12.181          0.0             108364410       2760.204        7.27            599.351         0              
108195.374      410.106         383.272         7270            11.729          0.0             125694100       2451.935        7.27            668.215         0              
110131.327      693.862         558.707         7270            11.793          0.0             167910400       1935.953        7.27            988.551         0              
116569.281      216.995         394.605         7270            7.355           0.0             174625430       6437.954        7.27            68.671          0              
121363.497      251.761         339.346         7270            4.56            0.0             150874360       4794.215        7.27            204.488         0              
125001.36       189.315         274.151         7270            2.923           0.0             86087960        3637.863        7.27            98.857          0              
125894.912      120.069         195.017         789             4.029           0.0             13411020        893.553         1.454           98.857          0              
127261.977      198.993         198.449         1481            4.662           0.0             34004600        1367.065        4.362           645.682         0              
129780.378      89.977          146.23          1481            4.144           0.0             28324730        2518.401        4.726           34.795          0              
131858.874      95.308          118.962         1481            4.065           0.0             24762150        2078.496        4.726           327.609         0              
134047.179      115.502         117.786         1481            3.877           0.0             31594150        2188.306        4.726           189.825         0              
135219.142      124.94          121.598         789             4.705           0.0             18303110        1171.963        3.998           182.579         0              
136049.017      167.181         145.314         789             5.875           0.0             17342360        829.875         4.362           182.579         0              
136898.744      184.903         166.355         789             7.025           0.0             19639620        849.728         4.362           182.579         0              
138049.759      211.392         191.319         1481            7.874           0.0             30414370        1151.015        4.362           1130.036        0              
139488.62       180.722         186.435         2472            8.435           0.0             32504290        1438.861        4.726           999.738         0              
141032.417      168.734         178.652         2472            8.892           0.0             32561340        1543.798        5.089           999.738         0              
142289.093      183.0           182.486         1481            9.635           0.0             28746480        1256.676        4.362           1018.335        0              
143955.757      163.475         173.922         1481            9.968           0.0             34057310        1666.663        4.726           160.17          0              
145806.237      147.981         161.325         1481            10.118          0.0             34229510        1850.481        4.726           170.104         0              
147239.441      148.98          155.81          1481            10.685          0.0             26689880        1433.204        4.726           84.639          0              
148370.365      161.034         159.101         1481            11.554          0.0             22764630        1130.923        4.726           84.639          0              
149610.272      95.457          126.923         1481            12.314          0.0             14794710        1239.908        4.726           555.314         0              
151122.041      136.185         131.999         2472            12.802          0.0             25734940        1511.769        4.726           451.111         0              
152653.336      163.129         148.109         2472            13.271          0.0             31224830        1531.295        5.089           691.333         0              
154605.88       153.674         151.368         2472            13.318          0.0             37506910        1952.543        5.089           107.456         0              
156243.295      200.825         177.401         2472            13.681          0.0             41104210        1637.415        5.089           597.068         0              
158438.534      184.376         181.798         2472            13.485          0.0             50593550        2195.239        5.089           409.932         0              
160394.493      306.453         246.449         2472            13.529          0.0             74926180        1955.96         5.089           658.337         0              
161543.722      229.181         240.126         1481            14.38           0.0             32922610        1149.228        4.362           658.337         0              
162730.8        209.159         225.358         1481            15.193          0.0             31036040        1187.078        4.726           1062.922        0              
163995.496      205.957         216.964         1481            15.928          0.0             32559170        1264.696        4.726           672.625         0              
165221.321      222.213         220.87          1481            16.703          0.0             34049330        1225.824        4.726           672.625         0              
166648.151      198.545         210.933         1481            17.276          0.0             35411320        1426.831        4.726           409.471         0              
167861.594      248.64          231.354         1481            18.062          0.0             37713830        1213.442        4.726           409.471         0              
169482.744      155.458         193.801         1481            18.441          0.0             31502520        1621.15         4.726           375.162         0              
171452.2        133.489         163.602         1481            18.472          0.0             32862480        1969.456        4.726           33.242          0              
173556.084      159.686         162.958         1481            18.368          0.0             41995240        2103.884        4.726           112.038         0              
175853.896      157.748         160.805         1481            18.07           0.0             45309320        2297.811        4.726           228.273         0              
177263.56       193.133         177.317         1481            18.66           0.0             34031550        1409.665        4.726           404.583         0              
178173.079      138.535         158.54          789             19.751          0.0             15750070        909.519         3.998           507.842         0              
179546.46       146.134         151.962         1481            20.378          0.0             25087160        1373.381        4.362           750.836         0              
181357.824      182.959         167.897         2472            20.566          0.0             41425720        1811.365        4.726           76.025          0              
182987.441      223.371         197.279         2472            20.937          0.0             45501050        1629.616        5.089           544.303         0              
186008.585      427.504         317.133         7270            19.915          0.0             161443940       3021.145        5.089           283.488         0              
188674.122      368.954         349.958         7270            19.25           0.0             122932460       2665.536        7.27            485.015         0              
190480.134      529.342         452.673         7270            19.444          0.0             119499730       1806.013        7.27            125.727         0              
193339.804      352.09          400.048         7270            18.584          0.0             125857690       2859.67         7.27            433.17          0              
197484.954      271.886         335.802         7270            16.439          0.0             140876260       4145.15         7.27            614.886         0              
199972.205      393.43          368.204         7270            15.952          0.0             122319960       2487.252        7.27            74.399          0              
204963.635      264.389         317.002         7270            12.96           0.0             164959970       4991.43         7.27            256.314         0              
207867.86       461.003         392.701         7270            12.056          0.0             167356910       2904.225        7.27            537.352         0              
212314.328      285.448         342.117         7270            9.61            0.0             158654650       4446.468        7.27            562.865         0              
217661.293      323.882         335.853         7270            6.263           0.0             216473250       5346.965        7.27            1086.174        0              
219725.954      136.269         235.733         1481            6.198           0.0             35168560        2064.661        2.181           104.728         0              
220934.034      205.61          221.184         1481            6.99            0.0             31049200        1208.08         4.726           104.728         0              
222267.094      139.742         178.649         1481            7.657           0.0             23285570        1333.06         4.726           326.852         0              
224190.881      191.629         184.078         2472            7.733           0.0             46081630        1923.787        4.726           705.511         0              
226617.848      217.744         203.535         2472            7.306           0.0             66057110        2426.967        5.089           263.226         0              
227994.966      147.92          173.844         2472            7.929           0.0             25462990        1377.118        5.089           490.305         0              
229601.884      240.889         210.255         2472            8.322           0.0             48386100        1606.918        5.089           980.653         0              
231132.715      201.14          207.113         2472            8.791           0.0             38488870        1530.831        5.089           965.601         0              
232931.631      237.078         223.496         2472            8.992           0.0             53310390        1798.916        5.089           910.859         0              
234531.717      229.092         228.259         1481            9.392           0.0             45820880        1600.086        4.362           551.298         0              
236153.391      83.7            153.869         789             9.771           0.0             16966810        1621.674        3.998           50.259          0              
238281.976      201.236         178.225         2472            9.642           0.0             53543560        2128.585        4.362           323.117         0              
240246.162      198.243         189.811         2472            9.678           0.0             48673380        1964.186        5.089           599.351         0              
242630.961      159.319         174.752         2472            9.293           0.0             47493040        2384.799        5.089           316.338         0              
244392.996      213.137         195.135         2472            9.531           0.0             46944450        1762.035        5.089           353.637         0              
245975.386      221.989         209.345         2472            9.949           0.0             43909110        1582.39         5.089           668.215         0              
247928.028      203.463         207.17          2472            9.996           0.0             49661220        1952.642        5.089           496.628         0              
249454.571      274.909         242.463         2472            10.469          0.0             52457580        1526.543        5.089           757.948         0              
251007.937      281.702         263.961         2472            10.916          0.0             54698350        1553.366        5.089           988.551         0              
253345.247      193.473         228.02          2472            10.579          0.0             56525700        2337.31         5.089           82.293          0              
257265.769      113.621         171.549         2472            8.658           0.0             55681570        3920.522        5.089           111.192         0              
260835.687      131.0           151.239         2472            7.088           0.0             58457420        3569.917        5.089           252.682         0              
263286.475      171.693         160.781         1481            6.638           0.0             52598000        2450.788        4.362           365.301         0              
265125.389      160.701         161.776         1481            6.799           0.0             36939420        1838.915        4.726           439.668         0              
267216.997      134.513         148.431         1481            6.707           0.0             35168490        2091.608        4.726           245.246         0              
269565.718      135.914         142.068         1481            6.358           0.0             39903010        2348.721        4.726           101.003         0              
272991.431      131.514         136.635         1481            4.933           0.0             56315980        3425.713        4.726           98.857          0              
274076.859      187.655         162.208         789             5.847           0.0             25460750        1085.428        3.998           98.857          0              
275431.824      198.746         181.737         1481            6.492           0.0             33661740        1354.965        4.362           645.682         0              
278343.219      87.859          134.256         1481            5.581           0.0             31974180        2911.394        4.726           34.795          0              
280600.297      129.55          132.093         1481            5.324           0.0             36550430        2257.079        4.726           156.745         0              
282719.355      147.0           140.153         1481            5.205           0.0             38937780        2119.058        4.726           182.579         0              
283595.12       206.927         174.144         789             6.329           0.0             22652490        875.765         3.998           182.579         0              
284936.918      296.108         239.85          1481            6.987           0.0             49664650        1341.797        4.362           1130.036        0              
286226.749      221.879         230.235         1481            7.697           0.0             35773360        1289.831        4.726           999.738         0              
287689.995      240.023         234.971         1481            8.234           0.0             43901550        1463.246        4.726           1018.335        0              
289263.445      148.507         192.744         1481            8.661           0.0             29208480        1573.451        4.726           160.17          0              
291298.971      161.83          176.827         1481            8.625           0.0             41176030        2035.526        4.726           170.104         0              
292836.354      213.728         195.681         1481            9.088           0.0             41072780        1537.383        4.726           84.639          0              
294495.22       201.642         199.725         1481            9.429           0.0             41812190        1658.866        4.726           451.111         0              
296382.521      263.572         232.134         1481            9.541           0.0             62179950        1887.302        4.726           702.92          0              
298125.043      246.537         240.639         1481            9.799           0.0             53699450        1742.522        4.726           597.068         0              
299196.005      148.593         194.895         789             10.728          0.0             19892180        1070.961        3.998           395.169         0              
300307.248      155.991         175.655         789             11.617          0.0             21667940        1111.243        4.362           395.169         0              
302296.948      228.581         203.3           2472            11.627          0.0             56850990        1989.7          4.362           192.028         0              
303789.808      246.278         225.627         2472            12.134          0.0             45957380        1492.86         5.089           658.337         0              
305470.871      261.103         244.394         2472            12.453          0.0             54866420        1681.063        5.089           1062.922        0              
306820.229      252.639         249.699         1481            13.104          0.0             42612570        1349.358        4.362           672.625         0              
307790.595      196.733         223.703         789             14.133          0.0             23862860        970.367         3.998           838.739         0              
308879.137      174.624         199.254         789             15.045          0.0             23760730        1088.542        4.362           838.739         0              
310062.079      232.758         217.532         1481            15.862          0.0             34417460        1182.942        4.362           409.471         0              
310896.896      158.306         187.911         789             17.027          0.0             16519580        834.816         3.998           409.471         0              
312645.228      153.562         171.289         1481            17.279          0.0             33559610        1748.332        4.362           375.162         0              
315259.784      124.873         147.699         1481            16.664          0.0             40810840        2614.557        4.726           112.038         0              
318045.299      169.992         159.248         2472            15.879          0.0             59189270        2785.515        4.726           228.273         0              
321451.467      265.178         212.706         4262            14.473          0.0             112905310       3406.168        5.089           76.025          0              
323405.804      543.615         390.661         7270            14.518          0.0             132800920       1954.337        5.816           367.659         0              
325653.07       543.615         390.661         7270            14.271          0.0             103444670       2247.265        7.27            367.659         0              
