167.364
263.605
 93.372
330.000
 44.163
161.470
528.839
579.115
151.685
 89.643
 69.590
153.793
240.682
 60.366
406.756
 63.873
222.961
974.421
812.723
617.851
609.226
253.785
436.383
218.608
196.411
707.588
318.061
622.086
596.977
197.815
695.335
428.693
423.118
223.777
1022.522
958.561
653.125
783.795
489.767
898.563
159.408
498.710
 66.484
238.386
136.578
465.286
128.429
239.692
450.268
534.583
586.040
152.051
728.093
722.633
680.402
492.986
177.840
452.556
430.155
526.467
313.387
 14.902
908.761
214.811
528.628
738.282
602.679
251.454
981.471
200.817
193.792
 82.815
338.422
745.349
143.422
157.685
392.388
218.122
 54.291
171.734
746.656
398.440
665.228
471.794
115.234
185.403
754.387
716.825
 59.885
185.483
421.410
 63.281
131.713
425.565
202.322
137.403
498.130
579.886
762.920
363.070
373.552
532.513
188.562
  7.077
509.553
508.537
179.283
 63.207
177.173
755.299
346.867
 67.801
754.596
228.840
197.091
299.920
560.134
207.645
 71.739
209.336
662.878
611.984
 46.427
288.162
751.169
292.334
561.628
365.999
372.002
501.784
775.897
826.080
676.659
618.358
624.693
124.377
100.518
527.897
358.316
468.022
479.177
 42.863
486.605
474.521
661.988
783.380
185.301
967.302
1117.130
807.191
164.585
284.315
222.301
 92.589
127.636
159.128
130.350
341.497
 86.121
173.727
 63.592
414.743
129.222
223.075
368.538
394.843
303.171
274.166
293.036
167.364
263.605
93.372
330.000