2169854
1964267
2753752
2030335
1744276
2003604
1938382
2232784
1765257
2208735
2158550
2780904
1960429
1912271
2346861
2292206
3036465
2940850
2378253
2317847
4010208
1639122
2072070
2417443
1532372
1514270
1303540
2014812
2368324
1613011
1984168
1949442
1820870
1689343
1483102
1445253
1356193
1283109
1070653
884360
1021072
2657644
2074580
1826000
1814853
2205711
2648075
2810233
2629405
1850018
1709073
1554224
1669454
1346736
1394635
1862302
1897687
1548063
1795630
2398720
2494649
2155348
1229828
1991640
2761749
2155950
1645897
1817685
1800052
1868149
2048166
2015831
1572651
1657458
2183805
2286766
2067066
1621680
1355821
1231889
1301448
1477941
1525290
2063790
2864917
3955427
2837828
2476509
2381511
2603027
2580261
2797148
2467957
2391471
2998084
3380476
2293551
1804250
1721230
1808013
2097920
2306342
1756178
1707139
1797967
2012518
1747428
2356571
2390813
2266495
3092475
2852170
2424684
1809178
1767550
2641272
1251254
1957875
1736582
2145295
3358122
1994772
2036829
2013885
2020799
1866674
1887861
2053131
2292802
2222754
2395659
2605646
2281454
3360488
2559273
2630987
2784823
4249103
3769287
2328716
2086169
2227765
2310012
3122809
3629888
2159593
2475164
1457853
2663837
2624922
2616617
4389973
3767743
2488067
2700000
2280639
1693454
2069930
2493362
3204551
2916216
2069931
1780467
2064261
2265566
2039095
2455521
1897156
1477781
1715231
