178667
182047
350531
276140
226757
228663
184662
204366
200962
206703
199642
285260
189363
155206
201824
205632
235319
267874
282736
263030
338099
197689
225191
279884
179427
142194
132202
233203
273223
154485
244962
253347
220671
204644
189031
160740
144729
125962
100800
76477
82341
219033
197529
193699
200653
230484
255480
268676
252072
242514
190283
177838
197578
188369
175891
204634
207165
199164
202028
252031
274597
239678
119112
191586
250429
222514
193814
245855
261473
247748
280566
240918
153923
166313
239926
275277
270343
216689
201659
127959
127081
152442
188969
198914
211117
299307
247985
230105
245998
229759
276391
292709
237487
239031
306708
323751
236661
225001
213764
196292
202389
233101
178068
148958
182504
187572
158299
242804
277718
300497
252686
266733
233701
174449
198202
269101
114534
205900
178632
234387
344165
242383
257655
219774
228666
212862
195093
234658
264271
237282
248732
236857
267227
381370
254511
264833
293226
411951
363725
258770
244882
280339
296517
323607
356268
263351
337046
221410
326688
311347
333713
451822
405398
284174
309542
265602
234765
280701
328744
340898
339439
265967
235994
257358
306454
296043
364866
286859
218310
198752
