time_stamp      download_bw     pred_download_bw bit_rate_sel    buffer_size     rebuf_time      chunk_size      delay_time      reward          pred_bw         num_of_users   
1923.988        98.558          98.558          1481            2.0             1.924           23703050        1923.988        -1.399          100.786         0              
2929.176        101.42          104.282         789             2.995           0.0             12743290        1005.188        3.998           100.786         0              
4847.147        102.346         104.563         789             3.077           0.0             24537170        1917.971        4.362           98.857          0              
5834.948        156.548         158.442         789             4.089           0.0             19329800        987.801         4.362           98.857          0              
7084.882        169.144         184.493         1481            4.839           0.0             26427310        1249.933        4.362           645.682         0              
9412.4          98.948          147.093         1481            4.512           0.0             28788060        2327.519        4.726           64.457          0              
11420.158       93.347          123.79          1481            4.504           0.0             23427180        2007.758        4.726           229.053         0              
13313.762       119.046         123.069         1481            4.61            0.0             28178360        1893.604        4.726           156.745         0              
15250.861       99.875          114.016         1481            4.673           0.0             24183390        1937.099        4.726           182.579         0              
16055.906       143.785         125.633         789             5.868           0.0             14469210        805.044         3.998           182.579         0              
17150.199       198.197         153.352         1481            6.774           0.0             27110720        1094.294        4.362           182.579         0              
18400.639       252.109         266.068         1481            7.523           0.0             39405940        1250.439        4.726           1130.036        0              
19522.416       169.873         192.88          1481            8.402           0.0             23819950        1121.777        4.726           999.738         0              
21121.633       182.911         197.755         2472            8.802           0.0             36564360        1599.217        4.726           1018.335        0              
23216.59        189.846         203.096         2472            8.707           0.0             49714910        2094.957        5.089           160.17          0              
25811.155       160.082         175.583         2472            8.113           0.0             51917810        2594.565        5.089           84.639          0              
27911.609       230.092         213.079         2472            8.012           0.0             60412100        2100.455        5.089           451.111         0              
29926.687       262.849         231.042         2472            7.997           0.0             66207750        2015.078        5.089           691.333         0              
31587.483       174.342         226.882         1481            8.337           0.0             36193220        1660.796        4.362           107.456         0              
32490.468       163.122         221.022         789             9.434           0.0             18412100        902.985         3.998           107.456         0              
33629.442       166.233         216.545         789             10.295          0.0             23666930        1138.974        4.362           597.068         0              
34584.189       115.953         133.592         789             11.34           0.0             13838230        954.747         4.362           395.169         0              
36231.264       138.489         138.845         1481            11.693          0.0             28512680        1647.075        4.362           192.028         0              
37387.525       248.894         208.392         1481            12.536          0.0             35973350        1156.261        4.726           192.028         0              
38170.963       128.254         198.867         789             13.753          0.0             12559890        783.438         3.998           192.028         0              
38932.936       104.503         151.401         789             14.991          0.0             9953580         761.973         4.362           192.028         0              
39942.109       135.032         144.858         1481            15.982          0.0             17033870        1009.173        4.362           658.337         0              
41069.814       216.174         174.098         1481            16.854          0.0             30472610        1127.705        4.726           658.337         0              
42352.956       225.006         190.487         1481            17.571          0.0             36089340        1283.141        4.726           1062.922        0              
43892.052       198.959         199.237         2472            18.032          0.0             38277120        1539.096        4.726           672.625         0              
46135.285       495.327         368.688         7270            17.789          0.0             138891760       2243.234        5.089           375.162         0              
50255.716       264.945         248.206         7270            15.668          0.0             136460940       4120.43         7.27            404.583         0              
52312.901       495.671         478.762         7270            15.611          0.0             127460900       2057.185        7.27            544.303         0              
54579.242       417.427         420.891         7270            15.345          0.0             118254010       2266.341        7.27            212.759         0              
56840.975       367.213         404.582         7270            15.083          0.0             103817140       2261.733        7.27            7.451           0              
58530.091       479.151         445.75          7270            15.394          0.0             101167710       1689.116        7.27            527.974         0              
60006.817       514.292         489.722         7270            15.917          0.0             94933510        1476.726        7.27            125.727         0              
62499.433       288.268         414.16          7270            15.425          0.0             89817630        2492.617        7.27            433.17          0              
64753.352       266.01          354.878         7270            15.171          0.0             74945710        2253.919        7.27            249.338         0              
66460.324       290.129         324.087         7270            15.464          0.0             61905200        1706.972        7.27            1317.151        0              
67682.554       467.834         397.181         7270            16.241          0.0             71475040        1222.23         7.27            828.042         0              
72815.056       289.972         360.57          7270            13.109          0.0             186035080       5132.502        7.27            139.326         0              
75714.614       400.67          384.04          7270            12.209          0.0             145220600       2899.559        7.27            905.278         0              
78954.427       315.623         362.247         7270            10.97           0.0             127820000       3239.813        7.27            508.331         0              
82491.971       287.295         337.221         7270            9.432           0.0             127039710       3537.544        7.27            458.015         0              
86649.408       297.106         324.615         7270            7.275           0.0             154399770       4157.436        7.27            68.885          0              
87968.344       211.485         277.309         1481            7.956           0.0             34866860        1318.937        2.181           1086.174        0              
90626.989       195.22          239.579         2472            7.297           0.0             64877470        2658.644        4.726           104.728         0              
92132.603       186.546         214.285         1481            7.791           0.0             35108290        1505.614        4.362           326.852         0              
93514.171       185.24          203.13          1481            8.41            0.0             31990280        1381.568        4.726           415.932         0              
94907.486       141.868         173.607         1481            9.017           0.0             24708390        1393.315        4.726           705.511         0              
95869.812       103.488         138.13          789             10.054          0.0             12448660        962.326         3.998           434.418         0              
97755.424       187.141         164.657         2472            10.169          0.0             44109450        1885.612        4.362           490.305         0              
98884.611       175.718         171.217         1481            11.039          0.0             24802260        1129.187        4.362           490.305         0              
99986.624       163.892         168.598         1481            11.937          0.0             22576330        1102.012        4.726           980.653         0              
101123.332      191.038         181.553         1481            12.801          0.0             27144320        1136.709        4.726           980.653         0              
102983.235      571.377         383.758         7270            12.941          0.0             132838090       1859.902        4.725           551.298         0              
105743.439      314.077         346.582         7270            12.181          0.0             108364410       2760.204        7.27            599.351         0              
108195.374      410.106         383.272         7270            11.729          0.0             125694100       2451.935        7.27            668.215         0              
110131.327      693.862         558.707         7270            11.793          0.0             167910400       1935.953        7.27            988.551         0              
116569.281      216.995         394.605         7270            7.355           0.0             174625430       6437.954        7.27            68.671          0              
121363.497      251.761         339.346         7270            4.56            0.0             150874360       4794.215        7.27            204.488         0              
125001.36       189.315         274.151         7270            2.923           0.0             86087960        3637.863        7.27            98.857          0              
125894.912      120.069         195.017         789             4.029           0.0             13411020        893.553         1.454           98.857          0              
127261.977      198.993         198.449         1481            4.662           0.0             34004600        1367.065        4.362           645.682         0              
129780.378      89.977          146.23          1481            4.144           0.0             28324730        2518.401        4.726           34.795          0              
131858.874      95.308          118.962         1481            4.065           0.0             24762150        2078.496        4.726           327.609         0              
134047.179      115.502         117.786         1481            3.877           0.0             31594150        2188.306        4.726           189.825         0              
135219.142      124.94          121.598         789             4.705           0.0             18303110        1171.963        3.998           182.579         0              
136049.017      167.181         145.314         789             5.875           0.0             17342360        829.875         4.362           182.579         0              
136898.744      184.903         166.355         789             7.025           0.0             19639620        849.728         4.362           182.579         0              
138049.759      211.392         191.319         1481            7.874           0.0             30414370        1151.015        4.362           1130.036        0              
139488.62       180.722         186.435         2472            8.435           0.0             32504290        1438.861        4.726           999.738         0              
141032.417      168.734         178.652         2472            8.892           0.0             32561340        1543.798        5.089           999.738         0              
142289.093      183.0           182.486         1481            9.635           0.0             28746480        1256.676        4.362           1018.335        0              
143955.757      163.475         173.922         1481            9.968           0.0             34057310        1666.663        4.726           160.17          0              
145806.237      147.981         161.325         1481            10.118          0.0             34229510        1850.481        4.726           170.104         0              
147239.441      148.98          155.81          1481            10.685          0.0             26689880        1433.204        4.726           84.639          0              
148087.438      133.172         144.974         789             11.837          0.0             14116130        847.997         3.998           84.639          0              
149697.704      121.616         133.214         2472            12.226          0.0             24479280        1610.265        4.362           555.314         0              
151196.066      137.403         135.563         2472            12.728          0.0             25734940        1498.363        5.089           451.111         0              
152727.951      163.066         150.415         2472            13.196          0.0             31224830        1531.885        5.089           691.333         0              
154678.427      153.837         152.415         2472            13.246          0.0             37506910        1950.476        5.089           107.456         0              
156323.647      199.872         177.421         2472            13.6            0.0             41104210        1645.219        5.089           597.068         0              
158537.522      182.823         181.087         2472            13.386          0.0             50593550        2213.875        5.089           409.932         0              
160463.595      311.208         250.135         2472            13.46           0.0             74926180        1926.073        5.089           658.337         0              
161612.824      229.181         241.162         1481            14.311          0.0             32922610        1149.228        4.362           658.337         0              
162804.158      208.412         226.157         1481            15.12           0.0             31036040        1191.335        4.726           1062.922        0              
164066.628      206.321         217.434         1481            15.857          0.0             32559170        1262.469        4.726           672.625         0              
165292.452      222.213         220.929         1481            16.632          0.0             34049330        1225.824        4.726           672.625         0              
166717.861      198.743         211.11          1481            17.206          0.0             35411320        1425.409        4.726           409.471         0              
167931.303      248.64          231.713         1481            17.993          0.0             37713830        1213.442        4.726           409.471         0              
169560.238      154.715         193.734         1481            18.364          0.0             31502520        1628.935        4.726           375.162         0              
171548.799      132.206         162.76          1481            18.375          0.0             32862480        1988.561        4.726           33.242          0              
173634.836      161.053         163.002         1481            18.289          0.0             41995240        2086.036        4.726           112.038         0              
175933.273      157.705         160.92          1481            17.991          0.0             45309320        2298.437        4.726           228.273         0              
177339.881      193.552         177.594         1481            18.584          0.0             34031550        1406.608        4.726           404.583         0              
178247.967      138.754         158.927         789             19.676          0.0             15750070        908.086         3.998           507.842         0              
179663.84       141.748         149.832         1481            20.26           0.0             25087160        1415.874        4.362           750.836         0              
181429.808      187.662         169.934         2472            20.494          0.0             41425720        1765.967        4.726           76.025          0              
183059.514      223.358         197.371         2472            20.864          0.0             45501050        1629.707        5.089           544.303         0              
186085.157      426.868         317.141         7270            19.839          0.0             161443940       3025.643        5.089           283.488         0              
188750.626      368.963         349.957         7270            19.173          0.0             122932460       2665.469        7.27            485.015         0              
190549.024      531.583         453.895         7270            19.375          0.0             119499730       1798.398        7.27            125.727         0              
193411.51       351.744         400.426         7270            18.512          0.0             125857690       2862.486        7.27            433.17          0              
197558.069      271.794         335.057         7270            16.366          0.0             140876260       4146.559        7.27            614.886         0              
200043.771      393.675         369.024         7270            15.88           0.0             122319960       2485.701        7.27            74.399          0              
205041.15       264.074         316.928         7270            12.883          0.0             164959970       4997.379        7.27            256.314         0              
207974.131      456.483         390.327         7270            11.95           0.0             167356910       2932.981        7.27            537.352         0              
212503.011      280.254         338.374         7270            9.421           0.0             158654650       4528.88         7.27            562.865         0              
215024.476      201.118         269.633         2472            8.9             0.0             63388920        2521.465        2.908           214.488         0              
216901.832      149.864         206.322         1481            9.022           0.0             35168560        1877.356        4.362           235.393         0              
218379.071      168.147         187.203         1481            9.545           0.0             31049200        1477.24         4.726           664.892         0              
220502.068      87.746          134.696         1481            9.422           0.0             23285570        2122.997        4.726           68.885          0              
221706.515      180.091         159.61          1481            10.217          0.0             27113730        1204.447        4.726           68.885          0              
224394.905      196.57          179.634         2472            9.529           0.0             66057110        2688.39         4.726           533.93          0              
225820.484      142.892         160.615         2472            10.104          0.0             25462990        1425.579        5.089           104.728         0              
227804.896      195.065         179.464         2472            10.119          0.0             48386100        1984.412        5.089           415.932         0              
229600.658      171.465         175.836         2472            10.323          0.0             38488870        1795.762        5.089           705.511         0              
231767.764      196.798         187.696         2472            10.156          0.0             53310390        2167.106        5.089           263.226         0              
233731.733      318.625         257.748         2472            10.192          0.0             78221080        1963.968        5.089           980.653         0              
235408.033      240.329         249.591         2472            10.516          0.0             50357930        1676.3          5.089           965.601         0              
237222.245      236.107         243.748         2472            10.702          0.0             53543560        1814.212        5.089           550.198         0              
239805.409      150.74          195.88          2472            10.119          0.0             48673380        2583.164        5.089           50.259          0              
241121.155      173.568         184.429         1481            10.803          0.0             28546420        1315.746        4.362           249.492         0              
242588.541      148.609         166.342         1481            11.335          0.0             27258350        1467.387        4.726           323.117         0              
244469.313      186.771         177.899         2472            11.455          0.0             43909110        1880.771        4.726           599.351         0              
246891.639      164.012         169.904         2472            11.032          0.0             49661220        2422.326        5.089           316.338         0              
248740.604      226.97          201.249         2472            11.183          0.0             52457580        1848.966        5.089           353.637         0              
250611.235      233.925         219.869         2472            11.313          0.0             54698350        1870.631        5.089           986.793         0              
252420.611      249.924         235.642         2472            11.503          0.0             56525700        1809.375        5.089           496.628         0              
253533.863      233.834         236.178         1481            12.39           0.0             32539570        1113.252        4.362           757.948         0              
254652.936      245.692         242.186         1481            13.271          0.0             34368390        1119.073        4.726           757.948         0              
256043.595      302.579         275.365         1481            13.88           0.0             52598000        1390.659        4.726           988.551         0              
260042.908      123.494         196.207         2472            11.881          0.0             61736500        3999.313        4.726           98.598          0              
263964.682      121.401         157.147         2472            9.959           0.0             59513510        3921.774        5.089           68.671          0              
266221.47       141.451         149.185         1481            9.703           0.0             39903010        2256.789        4.362           250.17          0              
268408.619      205.989         180.002         1481            9.515           0.0             56315980        2187.149        4.726           365.939         0              
270970.066      156.962         167.137         1481            8.954           0.0             50256150        2561.447        4.726           146.988         0              
273122.015      125.14          145.809         1481            8.802           0.0             33661740        2151.949        4.726           101.003         0              
275257.069      119.807         132.104         1481            8.667           0.0             31974180        2135.054        4.726           100.786         0              
277618.566      123.821         128.053         1481            8.305           0.0             36550430        2361.497        4.726           98.857          0              
279070.938      214.478         174.261         1481            8.853           0.0             38937780        1452.373        4.726           645.682         0              
282211.991      112.133         141.766         1481            7.712           0.0             44026920        3141.052        4.726           229.053         0              
285222.985      131.955         136.663         1481            6.701           0.0             49664650        3010.994        4.726           189.825         0              
286605.772      206.964         174.196         1481            7.318           0.0             35773360        1382.787        4.726           182.579         0              
287870.079      277.791         229.88          1481            8.054           0.0             43901550        1264.306        4.726           1130.036        0              
289032.723      200.98          215.295         1481            8.891           0.0             29208480        1162.645        4.726           1130.036        0              
290439.024      234.237         225.92          1481            9.485           0.0             41176030        1406.301        4.726           999.738         0              
291960.216      216.003         221.577         1481            9.964           0.0             41072780        1521.191        4.726           777.924         0              
293878.102      174.409         197.397         1481            10.046          0.0             41812190        1917.887        4.726           230.108         0              
296051.428      228.884         214.626         1481            9.873           0.0             62179950        2173.326        4.726           555.314         0              
297867.347      236.572         226.89          1481            10.057          0.0             53699450        1815.918        4.726           451.111         0              
298827.417      165.756         195.28          789             11.097          0.0             19892180        960.07          3.998           691.333         0              
299960.509      152.983         173.657         789             11.963          0.0             21667940        1133.092        4.362           702.92          0              
302016.793      221.179         199.103         2472            11.907          0.0             56850990        2056.285        4.362           597.068         0              
304104.87       176.075         187.367         2472            11.819          0.0             45957380        2088.077        5.089           409.932         0              
305918.514      242.016         216.601         2472            12.005          0.0             54866420        1813.644        5.089           192.028         0              
307144.763      278.003         249.835         1481            12.779          0.0             42612570        1226.249        4.362           658.337         0              
309154.081      327.171         292.099         2472            12.77           0.0             82173840        2009.317        4.726           672.625         0              
312471.963      309.488         302.414         4262            11.452          0.0             128355430       3317.883        5.089           375.162         0              
316749.635      270.98          287.075         7270            9.174           0.0             144895170       4277.671        5.816           404.583         0              
318827.49       479.851         390.992         7270            9.096           0.0             124632690       2077.855        7.27            544.303         0              
321481.543      435.555         416.282         7270            8.442           0.0             144498270       2654.052        7.27            212.759         0              
324738.763      389.509         404.695         7270            7.185           0.0             158589620       3257.22         7.27            527.974         0              
326727.56       574.163         495.834         7270            7.196           0.0             142736650       1988.797        7.27            125.727         0              
332416.092      241.73          367.223         7270            3.508           0.0             171886470       5688.533        7.27            105.866         0              
334496.562      510.658         441.041         7270            3.427           0.0             132800920       2080.469        7.27            673.422         0              
336525.215      510.658         441.041         7270            3.399           0.0             103444670       2028.653        7.27            673.422         0              
